2 0.292124 0.558511 0.135421 0.189349 0.7936
2 0.435457 0.445009 0.078407 0.184964 0.6229
2 0.512596 0.293029 0.057283 0.104704 0.4682
4 0.203180 0.971674 0.108043 0.056046 0.4336
1 0.391739 0.137641 0.043259 0.088617 0.3575
1 0.371208 0.216354 0.045218 0.087959 0.3492
2 0.371218 0.217350 0.044970 0.087639 0.3368
2 0.434486 0.252560 0.048600 0.077788 0.3198
1 0.434462 0.252510 0.048214 0.078321 0.3149
1 0.434118 0.445947 0.080226 0.188576 0.2860
1 0.512680 0.294334 0.058241 0.107384 0.2635
2 0.347443 0.161458 0.030372 0.051426 0.2531
2 0.472981 0.219649 0.042534 0.069120 0.2517
