2 0.814849 0.714589 0.155383 0.126711 0.8985
2 0.751845 0.926684 0.223155 0.146031 0.7788
1 0.439721 0.452082 0.041860 0.083026 0.5468
4 0.643956 0.540941 0.025449 0.066965 0.4620
1 0.411309 0.557318 0.051900 0.090496 0.4057
4 0.556306 0.552242 0.023220 0.070573 0.3827
4 0.471974 0.619963 0.038422 0.072421 0.3538
2 0.410907 0.557198 0.051600 0.089987 0.3423
3 0.470647 0.631159 0.041409 0.066019 0.3422
2 0.483714 0.486349 0.041476 0.074561 0.3142
2 0.595517 0.516644 0.052157 0.086264 0.2999
3 0.478163 0.653518 0.056139 0.074430 0.2908
2 0.981233 0.613235 0.036997 0.074421 0.2903
2 0.580425 0.460699 0.041429 0.039900 0.2531
