2 0.814993 0.714645 0.156438 0.126869 0.8921
2 0.751618 0.926434 0.224138 0.146516 0.7096
2 0.410755 0.557142 0.051053 0.090154 0.5700
1 0.439526 0.451899 0.040940 0.079516 0.4470
3 0.470372 0.631310 0.041425 0.067409 0.4120
4 0.645041 0.540800 0.027329 0.067778 0.3887
2 0.981267 0.612530 0.036922 0.075103 0.3697
2 0.484579 0.487155 0.044818 0.075472 0.3556
2 0.595067 0.516329 0.049186 0.085472 0.3287
1 0.411098 0.557134 0.051107 0.090617 0.3157
4 0.471287 0.621001 0.039573 0.073231 0.3071
4 0.556282 0.552242 0.024350 0.070807 0.3001
3 0.477225 0.651184 0.055534 0.077195 0.2771
2 0.580053 0.460996 0.041053 0.038745 0.2638
1 0.511370 0.425528 0.040633 0.069696 0.2539
2 0.577520 0.407162 0.027412 0.035187 0.2519
