2 0.374465 0.527982 0.104008 0.103295 0.8683
2 0.245878 0.585782 0.091951 0.125885 0.8390
2 0.152884 0.490506 0.061231 0.094707 0.6581
2 0.225542 0.472498 0.066988 0.078702 0.6113
2 0.705452 0.322829 0.026989 0.049463 0.5453
2 0.074233 0.525183 0.049596 0.105487 0.5424
2 0.114274 0.446522 0.067629 0.081940 0.5331
2 0.614868 0.360535 0.034567 0.056218 0.5115
2 0.136646 0.592116 0.071748 0.142728 0.4936
2 0.028055 0.464116 0.052646 0.082003 0.3605
4 0.917220 0.498314 0.019374 0.075775 0.3554
2 0.079981 0.412365 0.034065 0.042602 0.3161
2 0.698737 0.382268 0.037481 0.066728 0.3068
2 0.017714 0.438978 0.035427 0.039200 0.2980
2 0.007439 0.432843 0.014773 0.046896 0.2707
2 0.646045 0.384529 0.040663 0.067778 0.2682
