2 0.172707 0.565477 0.174236 0.113617 0.8481
2 0.892765 0.547356 0.160480 0.115530 0.8059
2 0.112146 0.274119 0.075832 0.044039 0.6523
2 0.458698 0.380872 0.094758 0.083764 0.6275
2 0.639153 0.284639 0.039562 0.052027 0.6073
2 0.402193 0.393554 0.101427 0.106849 0.5673
2 0.650453 0.195415 0.042170 0.031838 0.5603
2 0.601524 0.212706 0.021467 0.033374 0.5419
2 0.330685 0.258863 0.050133 0.044936 0.5044
2 0.307388 0.288128 0.041592 0.042698 0.4888
2 0.803499 0.351536 0.059205 0.068992 0.4697
4 0.775577 0.620335 0.028101 0.080632 0.4172
2 0.706759 0.227544 0.037965 0.038311 0.4124
2 0.013528 0.223042 0.026938 0.027975 0.3885
2 0.019429 0.325632 0.038858 0.042624 0.3675
2 0.268811 0.323950 0.056483 0.056208 0.3629
2 0.722458 0.276584 0.043681 0.051088 0.3384
2 0.755653 0.307879 0.050540 0.066614 0.3319
4 0.040156 0.512478 0.027854 0.078476 0.3261
2 0.464991 0.296893 0.070023 0.049396 0.2851
2 0.044686 0.313128 0.047199 0.037401 0.2822
4 0.759989 0.647115 0.033554 0.072005 0.2751
2 0.862368 0.347837 0.062715 0.061025 0.2657
2 0.278455 0.302963 0.049084 0.038303 0.2588
