2 0.682090 0.942972 0.209858 0.113208 0.8747
2 0.884801 0.949159 0.220187 0.101127 0.7383
1 0.086900 0.660821 0.079060 0.093232 0.7189
2 0.672418 0.861827 0.147860 0.158870 0.7037
4 0.269278 0.930455 0.041532 0.138266 0.6685
4 0.041710 0.952068 0.040743 0.095140 0.6156
2 0.500589 0.860963 0.120697 0.148825 0.5832
2 0.389932 0.785791 0.078365 0.103992 0.5818
4 0.403185 0.906697 0.031310 0.100381 0.4862
2 0.570288 0.767480 0.092303 0.085263 0.4535
4 0.429441 0.908153 0.034014 0.112695 0.4103
2 0.557866 0.836894 0.068111 0.065580 0.3545
2 0.185214 0.680220 0.033762 0.038089 0.3303
2 0.369656 0.697553 0.041139 0.051589 0.3244
4 0.838926 0.841502 0.024800 0.060403 0.3209
2 0.982619 0.955588 0.034216 0.087227 0.3205
1 0.337291 0.737687 0.046223 0.082248 0.3157
1 0.147740 0.656287 0.036795 0.041871 0.3146
4 0.025203 0.874403 0.027575 0.108439 0.3098
