2 0.709155 0.440761 0.090528 0.106556 0.8445
2 0.435131 0.898527 0.300191 0.202131 0.7730
2 0.590028 0.419298 0.079125 0.096471 0.6472
2 0.483731 0.205767 0.035369 0.034302 0.6254
2 0.478537 0.315522 0.053395 0.084259 0.4217
2 0.810060 0.691074 0.035362 0.025163 0.4148
2 0.578577 0.248231 0.044348 0.044366 0.4055
2 0.404435 0.223663 0.059319 0.039153 0.3879
1 0.629788 0.377214 0.081277 0.094199 0.3770
2 0.565899 0.332263 0.064191 0.069147 0.3552
2 0.366241 0.192149 0.037522 0.035808 0.2810
2 0.793591 0.373591 0.085796 0.068349 0.2552
