2 0.227441 0.836661 0.232867 0.249683 0.8194
2 0.420601 0.765280 0.128400 0.177386 0.8047
2 0.240221 0.655021 0.078569 0.113793 0.7462
2 0.647795 0.632148 0.100190 0.085354 0.7161
1 0.826458 0.693215 0.128617 0.175482 0.7028
2 0.175866 0.504073 0.043860 0.050643 0.6473
2 0.269649 0.540164 0.055485 0.055485 0.6090
2 0.124261 0.574469 0.067970 0.131088 0.4654
2 0.756898 0.864588 0.174976 0.090263 0.3730
1 0.840542 0.550358 0.052325 0.067854 0.3646
2 0.086666 0.519049 0.035772 0.060693 0.3545
2 0.314514 0.564248 0.086921 0.077984 0.3526
2 0.386824 0.618785 0.112568 0.108861 0.3245
2 0.235044 0.513351 0.053327 0.058855 0.3215
2 0.101737 0.470761 0.027785 0.032948 0.3094
1 0.782294 0.572349 0.055704 0.068560 0.2878
2 0.211337 0.490196 0.037518 0.043597 0.2593
