2 0.258642 0.391886 0.065649 0.052598 0.7718
2 0.221422 0.443405 0.071868 0.089241 0.5877
2 0.823943 0.520846 0.045945 0.100310 0.5869
2 0.662609 0.334057 0.030352 0.044085 0.5371
2 0.152963 0.382525 0.045511 0.045647 0.5371
2 0.141959 0.462133 0.067825 0.073498 0.4507
4 0.573464 0.391862 0.018262 0.059891 0.4476
2 0.628944 0.259271 0.023854 0.028357 0.3952
2 0.618227 0.368187 0.033593 0.053423 0.3858
4 0.692576 0.422659 0.022151 0.063125 0.3537
4 0.606072 0.411183 0.024695 0.071185 0.3160
2 0.552070 0.327839 0.041713 0.042571 0.2855
2 0.705296 0.313922 0.022757 0.035818 0.2843
