2 0.647490 0.631980 0.099689 0.085457 0.7636
4 0.130442 0.884504 0.031769 0.110939 0.7288
2 0.758049 0.887606 0.183378 0.148989 0.7071
4 0.159972 0.866948 0.032270 0.140379 0.6672
2 0.349576 0.689454 0.105465 0.130034 0.6364
2 0.215013 0.545423 0.054073 0.061543 0.6095
1 0.828433 0.694234 0.131810 0.173631 0.5900
4 0.499925 0.627784 0.028491 0.079467 0.5163
2 0.124180 0.573870 0.067655 0.131819 0.5037
4 0.088854 0.693279 0.025941 0.108242 0.4483
4 0.076756 0.842575 0.029331 0.126949 0.4118
2 0.389623 0.611719 0.106461 0.091290 0.3655
4 0.110343 0.678030 0.030763 0.105703 0.3330
2 0.140259 0.471135 0.032234 0.035842 0.3292
2 0.315995 0.561828 0.086064 0.083888 0.2545
