2 0.581996 0.626811 0.187237 0.136089 0.8209
2 0.204069 0.543027 0.182515 0.120113 0.7905
2 0.832547 0.555534 0.165858 0.136563 0.7196
2 0.661003 0.425756 0.078539 0.115878 0.6909
2 0.331446 0.208007 0.029558 0.030357 0.4933
2 0.594692 0.393195 0.098183 0.108833 0.4805
2 0.890571 0.274858 0.069544 0.042235 0.4012
2 0.308633 0.262560 0.064861 0.048725 0.3771
2 0.690844 0.286674 0.042786 0.043749 0.3495
2 0.983824 0.221421 0.031285 0.030123 0.3490
2 0.539245 0.378951 0.090428 0.087713 0.3267
2 0.668856 0.259509 0.053874 0.041940 0.3255
2 0.730455 0.325347 0.055161 0.053654 0.3135
4 0.159375 0.417781 0.019447 0.067050 0.2927
2 0.957619 0.312224 0.058097 0.039593 0.2672
