2 0.619527 0.678386 0.093400 0.096660 0.8152
2 0.585077 0.779309 0.105793 0.090429 0.7543
2 0.504367 0.614785 0.077260 0.090411 0.7177
2 0.797088 0.693082 0.083240 0.089167 0.6688
2 0.754049 0.816553 0.090652 0.090761 0.6677
2 0.456259 0.668120 0.083940 0.105413 0.6485
2 0.331752 0.378410 0.048088 0.072329 0.4834
2 0.503553 0.541725 0.077945 0.081812 0.4719
4 0.622246 0.492837 0.037636 0.071740 0.4515
2 0.862874 0.789050 0.087962 0.087298 0.4251
2 0.422536 0.475551 0.061699 0.084756 0.4138
2 0.357469 0.594788 0.067539 0.096608 0.3931
4 0.339324 0.268929 0.033127 0.084011 0.3837
4 0.270230 0.147163 0.022572 0.063887 0.3759
4 0.660885 0.487797 0.017113 0.052343 0.3306
2 0.627585 0.950213 0.102759 0.095523 0.2772
4 0.470110 0.178111 0.010296 0.028777 0.2560
