2 0.381797 0.811178 0.176189 0.161977 0.8902
2 0.758411 0.889363 0.182935 0.146239 0.7856
2 0.646909 0.631721 0.099462 0.086444 0.6938
4 0.076357 0.745997 0.022970 0.102774 0.5763
2 0.315468 0.564716 0.087166 0.071731 0.5495
2 0.123664 0.573823 0.069531 0.130562 0.5400
2 0.209539 0.491666 0.038733 0.043897 0.4881
2 0.235392 0.512367 0.052251 0.062015 0.4571
2 0.166930 0.556134 0.044786 0.074092 0.4535
1 0.821908 0.692954 0.141093 0.173497 0.4483
2 0.389425 0.619129 0.104936 0.107938 0.4276
2 0.086666 0.520190 0.034454 0.057924 0.3154
2 0.197912 0.598662 0.049182 0.093078 0.3054
4 0.053227 0.740005 0.023645 0.105725 0.2989
