2 0.700951 0.673991 0.061316 0.053250 0.6319
2 0.749400 0.726757 0.052537 0.062228 0.6079
1 0.043383 0.527781 0.086551 0.109513 0.5876
2 0.801001 0.792857 0.064286 0.064250 0.5745
2 0.571126 0.603035 0.040214 0.042849 0.5446
2 0.585981 0.524482 0.032166 0.032546 0.4091
2 0.656739 0.738844 0.047918 0.060111 0.3775
1 0.104463 0.489227 0.083626 0.093300 0.3706
2 0.658107 0.621181 0.052507 0.047115 0.3435
2 0.626499 0.574856 0.042649 0.041415 0.3385
2 0.862905 0.868811 0.080837 0.086821 0.3308
2 0.368770 0.499604 0.030233 0.036056 0.3287
2 0.043165 0.528785 0.086196 0.110306 0.3099
