2 0.815816 0.938441 0.240064 0.122177 0.8576
2 0.631591 0.941785 0.268603 0.116225 0.8329
2 0.216503 0.867767 0.119497 0.138414 0.6759
2 0.122919 0.800416 0.089462 0.105932 0.6423
2 0.408549 0.863707 0.147783 0.158707 0.5671
2 0.389985 0.935618 0.192317 0.128110 0.5508
2 0.289027 0.827472 0.070894 0.093152 0.5499
4 0.094217 0.941144 0.035047 0.117306 0.5227
2 0.302482 0.773858 0.094935 0.081553 0.4899
4 0.336813 0.952510 0.029713 0.093832 0.4195
2 0.090170 0.694725 0.057847 0.079366 0.3438
2 0.055886 0.747600 0.034817 0.047820 0.2918
