2 0.195877 0.455983 0.062974 0.073604 0.6061
2 0.691169 0.389724 0.034128 0.057321 0.4174
2 0.600887 0.367393 0.036280 0.055783 0.4072
2 0.096537 0.555477 0.062935 0.107627 0.3730
4 0.613493 0.420526 0.020464 0.069052 0.3706
2 0.755562 0.492879 0.043822 0.039332 0.3487
2 0.832270 0.343201 0.024007 0.038768 0.3445
2 0.814855 0.374781 0.029106 0.048203 0.3380
4 0.577692 0.447558 0.023038 0.075305 0.3325
4 0.557228 0.398884 0.014754 0.054277 0.2958
2 0.643716 0.239575 0.034947 0.029239 0.2655
2 0.137907 0.474925 0.051468 0.086615 0.2575
1 0.662603 0.360754 0.036063 0.069880 0.2573
2 0.614127 0.271430 0.024898 0.024088 0.2521
