2 0.748285 0.727319 0.050080 0.060530 0.6657
2 0.701045 0.674095 0.061117 0.052596 0.6616
1 0.043836 0.527772 0.087671 0.110031 0.6388
2 0.801862 0.792912 0.061438 0.064125 0.5957
2 0.521465 0.893691 0.066021 0.105901 0.5921
1 0.105634 0.489090 0.082334 0.093522 0.5313
2 0.456676 0.876198 0.049805 0.110670 0.4350
2 0.586062 0.524856 0.031730 0.031793 0.4235
1 0.071229 0.351429 0.038283 0.042992 0.4021
2 0.861843 0.866148 0.085621 0.086734 0.3325
2 0.090402 0.414347 0.069281 0.065054 0.2882
2 0.043444 0.528756 0.086761 0.110057 0.2852
1 0.359732 0.611012 0.034018 0.107351 0.2506
