2 0.863311 0.807264 0.081754 0.224951 0.6552
2 0.903543 0.551036 0.047244 0.093165 0.5923
2 0.804939 0.405071 0.032081 0.059686 0.4916
2 0.128481 0.452044 0.103633 0.093348 0.4691
2 0.834931 0.563265 0.052077 0.130132 0.3864
2 0.974072 0.888435 0.050839 0.218873 0.3852
2 0.832866 0.360076 0.029465 0.050265 0.3635
1 0.567461 0.355384 0.042979 0.076471 0.3239
2 0.659683 0.345379 0.030675 0.047983 0.3076
2 0.221021 0.444650 0.072710 0.091634 0.2920
2 0.223582 0.392071 0.065780 0.048952 0.2665
1 0.617364 0.368960 0.035047 0.060308 0.2566
