2 0.778006 0.776501 0.082879 0.092712 0.7589
4 0.126345 0.753795 0.025537 0.080177 0.6732
1 0.424089 0.676667 0.065970 0.102675 0.6686
4 0.085948 0.756218 0.022951 0.075761 0.6349
1 0.485239 0.678701 0.062240 0.107448 0.6170
2 0.947688 0.812890 0.070403 0.112227 0.5634
2 0.868229 0.847315 0.121409 0.140641 0.5446
4 0.307194 0.752501 0.021468 0.062222 0.5234
2 0.588262 0.640417 0.024887 0.030184 0.4860
4 0.008382 0.795387 0.016628 0.088008 0.4196
2 0.961962 0.774747 0.075340 0.088499 0.3806
2 0.839039 0.730208 0.052342 0.049903 0.3727
4 0.271769 0.746210 0.020870 0.071027 0.3395
0 0.248056 0.896545 0.058137 0.145915 0.3200
2 0.986544 0.882856 0.026138 0.105946 0.3010
2 0.565459 0.650433 0.021182 0.041874 0.2840
4 0.290520 0.748451 0.019796 0.068724 0.2710
