4 0.599658 0.540664 0.024414 0.059553 0.6110
4 0.202902 0.562353 0.034167 0.094573 0.5710
4 0.271034 0.551563 0.032737 0.110716 0.5630
4 0.796570 0.824997 0.044194 0.107227 0.5141
4 0.863420 0.478418 0.020697 0.055330 0.4709
4 0.576599 0.373132 0.021530 0.083906 0.4481
4 0.194450 0.291907 0.021187 0.069247 0.4474
4 0.838372 0.564468 0.034832 0.082816 0.4325
4 0.709244 0.350860 0.020221 0.082118 0.4304
4 0.885174 0.494027 0.022336 0.053720 0.4183
4 0.811489 0.546838 0.030052 0.082703 0.4145
4 0.221933 0.372934 0.026964 0.071240 0.3820
4 0.274424 0.361285 0.026694 0.070957 0.3658
4 0.739305 0.338946 0.020840 0.072788 0.3616
4 0.792905 0.392673 0.021925 0.058434 0.3608
4 0.432831 0.348120 0.020316 0.048590 0.3145
4 0.240142 0.483269 0.024721 0.115273 0.3054
4 0.866072 0.565064 0.030455 0.085369 0.2927
4 0.586125 0.297420 0.018405 0.043835 0.2916
4 0.810371 0.477798 0.020932 0.066900 0.2649
